  -4.9000000e+02   0.0000000e+00   3.0288877e+00
  -4.9000000e+02  -5.0000000e+00   3.0492258e+00
  -4.9000000e+02  -1.1000000e+01   3.0240467e+00
  -4.9000000e+02  -1.8000000e+01   2.9780617e+00
  -4.9000000e+02  -2.6000000e+01   2.9289201e+00
  -4.9000000e+02  -3.6000000e+01   2.9060056e+00
  -4.9000000e+02  -4.8000000e+01   2.9272261e+00
  -4.9000000e+02  -6.2000000e+01   2.9731089e+00
  -4.9000000e+02  -7.9000000e+01   3.0241632e+00
  -4.9000000e+02  -9.9000000e+01   3.0624010e+00
  -4.9000000e+02  -1.2300000e+02   3.0804155e+00
  -4.9000000e+02  -1.5200000e+02   3.0893908e+00
  -4.7000000e+02   0.0000000e+00   2.9942121e+00
  -4.7000000e+02  -5.0000000e+00   3.0096508e+00
  -4.7000000e+02  -1.1000000e+01   3.0160285e+00
  -4.7000000e+02  -1.8000000e+01   3.0136563e+00
  -4.7000000e+02  -2.6000000e+01   3.0069083e+00
  -4.7000000e+02  -3.6000000e+01   2.9996342e+00
  -4.7000000e+02  -4.8000000e+01   3.0013689e+00
  -4.7000000e+02  -6.2000000e+01   3.0169856e+00
  -4.7000000e+02  -7.9000000e+01   3.0410805e+00
  -4.7000000e+02  -9.9000000e+01   3.0637834e+00
  -4.7000000e+02  -1.2300000e+02   3.0748875e+00
  -4.7000000e+02  -1.5200000e+02   3.0814050e+00
  -4.5000000e+02   0.0000000e+00   3.0483566e+00
  -4.5000000e+02  -5.0000000e+00   3.0233269e+00
  -4.5000000e+02  -1.1000000e+01   2.9959109e+00
  -4.5000000e+02  -1.8000000e+01   2.9798143e+00
  -4.5000000e+02  -2.6000000e+01   2.9739703e+00
  -4.5000000e+02  -3.6000000e+01   2.9797272e+00
  -4.5000000e+02  -4.8000000e+01   2.9940000e+00
  -4.5000000e+02  -6.2000000e+01   3.0141940e+00
  -4.5000000e+02  -7.9000000e+01   3.0367391e+00
  -4.5000000e+02  -9.9000000e+01   3.0562559e+00
  -4.5000000e+02  -1.2300000e+02   3.0656034e+00
  -4.5000000e+02  -1.5200000e+02   3.0713761e+00
  -4.3000000e+02   0.0000000e+00   3.0195283e+00
  -4.3000000e+02  -5.0000000e+00   3.0130491e+00
  -4.3000000e+02  -1.1000000e+01   2.9993051e+00
  -4.3000000e+02  -1.8000000e+01   2.9829588e+00
  -4.3000000e+02  -2.6000000e+01   2.9688830e+00
  -4.3000000e+02  -3.6000000e+01   2.9668179e+00
  -4.3000000e+02  -4.8000000e+01   2.9789952e+00
  -4.3000000e+02  -6.2000000e+01   2.9997928e+00
  -4.3000000e+02  -7.9000000e+01   3.0236458e+00
  -4.3000000e+02  -9.9000000e+01   3.0437142e+00
  -4.3000000e+02  -1.2300000e+02   3.0538676e+00
  -4.3000000e+02  -1.5200000e+02   3.0600143e+00
  -4.1000000e+02   0.0000000e+00   3.0438135e+00
  -4.1000000e+02  -5.0000000e+00   3.0335331e+00
  -4.1000000e+02  -1.1000000e+01   3.0156362e+00
  -4.1000000e+02  -1.8000000e+01   2.9972477e+00
  -4.1000000e+02  -2.6000000e+01   2.9809629e+00
  -4.1000000e+02  -3.6000000e+01   2.9720042e+00
  -4.1000000e+02  -4.8000000e+01   2.9757510e+00
  -4.1000000e+02  -6.2000000e+01   2.9902037e+00
  -4.1000000e+02  -7.9000000e+01   3.0112146e+00
  -4.1000000e+02  -9.9000000e+01   3.0306048e+00
  -4.1000000e+02  -1.2300000e+02   3.0416219e+00
  -4.1000000e+02  -1.5200000e+02   3.0483226e+00
  -3.9000000e+02   0.0000000e+00   3.0070368e+00
  -3.9000000e+02  -5.0000000e+00   3.0111486e+00
  -3.9000000e+02  -1.1000000e+01   3.0097788e+00
  -3.9000000e+02  -1.8000000e+01   3.0023444e+00
  -3.9000000e+02  -2.6000000e+01   2.9914510e+00
  -3.9000000e+02  -3.6000000e+01   2.9816225e+00
  -3.9000000e+02  -4.8000000e+01   2.9797390e+00
  -3.9000000e+02  -6.2000000e+01   2.9873806e+00
  -3.9000000e+02  -7.9000000e+01   3.0031514e+00
  -3.9000000e+02  -9.9000000e+01   3.0198385e+00
  -3.9000000e+02  -1.2300000e+02   3.0305633e+00
  -3.9000000e+02  -1.5200000e+02   3.0372972e+00
  -3.7000000e+02   0.0000000e+00   3.0138499e+00
  -3.7000000e+02  -5.0000000e+00   3.0147968e+00
  -3.7000000e+02  -1.1000000e+01   3.0099992e+00
  -3.7000000e+02  -1.8000000e+01   3.0022291e+00
  -3.7000000e+02  -2.6000000e+01   2.9935018e+00
  -3.7000000e+02  -3.6000000e+01   2.9859450e+00
  -3.7000000e+02  -4.8000000e+01   2.9837135e+00
  -3.7000000e+02  -6.2000000e+01   2.9881739e+00
  -3.7000000e+02  -7.9000000e+01   2.9994343e+00
  -3.7000000e+02  -9.9000000e+01   3.0124983e+00
  -3.7000000e+02  -1.2300000e+02   3.0216952e+00
  -3.7000000e+02  -1.5200000e+02   3.0276804e+00
  -3.5000000e+02   0.0000000e+00   3.0115069e+00
  -3.5000000e+02  -5.0000000e+00   3.0098178e+00
  -3.5000000e+02  -1.1000000e+01   3.0048542e+00
  -3.5000000e+02  -1.8000000e+01   2.9989990e+00
  -3.5000000e+02  -2.6000000e+01   2.9930765e+00
  -3.5000000e+02  -3.6000000e+01   2.9886688e+00
  -3.5000000e+02  -4.8000000e+01   2.9879516e+00
  -3.5000000e+02  -6.2000000e+01   2.9913805e+00
  -3.5000000e+02  -7.9000000e+01   2.9992365e+00
  -3.5000000e+02  -9.9000000e+01   3.0085111e+00
  -3.5000000e+02  -1.2300000e+02   3.0153008e+00
  -3.5000000e+02  -1.5200000e+02   3.0198370e+00
  -3.3000000e+02   0.0000000e+00   3.0010792e+00
  -3.3000000e+02  -5.0000000e+00   3.0063292e+00
  -3.3000000e+02  -1.1000000e+01   3.0047685e+00
  -3.3000000e+02  -1.8000000e+01   3.0007525e+00
  -3.3000000e+02  -2.6000000e+01   2.9968734e+00
  -3.3000000e+02  -3.6000000e+01   2.9944380e+00
  -3.3000000e+02  -4.8000000e+01   2.9944426e+00
  -3.3000000e+02  -6.2000000e+01   2.9968835e+00
  -3.3000000e+02  -7.9000000e+01   3.0016579e+00
  -3.3000000e+02  -9.9000000e+01   3.0071950e+00
  -3.3000000e+02  -1.2300000e+02   3.0111150e+00
  -3.3000000e+02  -1.5200000e+02   3.0137603e+00
  -3.1000000e+02   0.0000000e+00   2.9887219e+00
  -3.1000000e+02  -5.0000000e+00   2.9923427e+00
  -3.1000000e+02  -1.1000000e+01   2.9956116e+00
  -3.1000000e+02  -1.8000000e+01   2.9982836e+00
  -3.1000000e+02  -2.6000000e+01   2.9999162e+00
  -3.1000000e+02  -3.6000000e+01   3.0008613e+00
  -3.1000000e+02  -4.8000000e+01   3.0016215e+00
  -3.1000000e+02  -6.2000000e+01   3.0031648e+00
  -3.1000000e+02  -7.9000000e+01   3.0053167e+00
  -3.1000000e+02  -9.9000000e+01   3.0075215e+00
  -3.1000000e+02  -1.2300000e+02   3.0085402e+00
  -3.1000000e+02  -1.5200000e+02   3.0091584e+00
  -2.9000000e+02   0.0000000e+00   2.9770750e+00
  -2.9000000e+02  -5.0000000e+00   2.9906967e+00
  -2.9000000e+02  -1.1000000e+01   2.9994378e+00
  -2.9000000e+02  -1.8000000e+01   3.0030912e+00
  -2.9000000e+02  -2.6000000e+01   3.0046645e+00
  -2.9000000e+02  -3.6000000e+01   3.0054864e+00
  -2.9000000e+02  -4.8000000e+01   3.0064319e+00
  -2.9000000e+02  -6.2000000e+01   3.0079972e+00
  -2.9000000e+02  -7.9000000e+01   3.0087786e+00
  -2.9000000e+02  -9.9000000e+01   3.0084696e+00
  -2.9000000e+02  -1.2300000e+02   3.0068679e+00
  -2.9000000e+02  -1.5200000e+02   3.0055708e+00
  -2.7000000e+02   0.0000000e+00   2.9850672e+00
  -2.7000000e+02  -5.0000000e+00   2.9876315e+00
  -2.7000000e+02  -1.1000000e+01   2.9913605e+00
  -2.7000000e+02  -1.8000000e+01   2.9939446e+00
  -2.7000000e+02  -2.6000000e+01   2.9968377e+00
  -2.7000000e+02  -3.6000000e+01   3.0016012e+00
  -2.7000000e+02  -4.8000000e+01   3.0067463e+00
  -2.7000000e+02  -6.2000000e+01   3.0108951e+00
  -2.7000000e+02  -7.9000000e+01   3.0116779e+00
  -2.7000000e+02  -9.9000000e+01   3.0094166e+00
  -2.7000000e+02  -1.2300000e+02   3.0054371e+00
  -2.7000000e+02  -1.5200000e+02   3.0024725e+00
  -2.5000000e+02   0.0000000e+00   2.9948944e+00
  -2.5000000e+02  -5.0000000e+00   2.9857851e+00
  -2.5000000e+02  -1.1000000e+01   2.9828083e+00
  -2.5000000e+02  -1.8000000e+01   2.9838333e+00
  -2.5000000e+02  -2.6000000e+01   2.9891658e+00
  -2.5000000e+02  -3.6000000e+01   2.9994438e+00
  -2.5000000e+02  -4.8000000e+01   3.0092029e+00
  -2.5000000e+02  -6.2000000e+01   3.0152612e+00
  -2.5000000e+02  -7.9000000e+01   3.0149669e+00
  -2.5000000e+02  -9.9000000e+01   3.0100587e+00
  -2.5000000e+02  -1.2300000e+02   3.0036258e+00
  -2.5000000e+02  -1.5200000e+02   2.9993370e+00
  -2.3000000e+02   0.0000000e+00   2.9889882e+00
  -2.3000000e+02  -5.0000000e+00   2.9781754e+00
  -2.3000000e+02  -1.1000000e+01   2.9829814e+00
  -2.3000000e+02  -1.8000000e+01   2.9910485e+00
  -2.3000000e+02  -2.6000000e+01   3.0011346e+00
  -2.3000000e+02  -3.6000000e+01   3.0126772e+00
  -2.3000000e+02  -4.8000000e+01   3.0208046e+00
  -2.3000000e+02  -6.2000000e+01   3.0237084e+00
  -2.3000000e+02  -7.9000000e+01   3.0188438e+00
  -2.3000000e+02  -9.9000000e+01   3.0096972e+00
  -2.3000000e+02  -1.2300000e+02   3.0007171e+00
  -2.3000000e+02  -1.5200000e+02   2.9956796e+00
  -2.1000000e+02   0.0000000e+00   2.9644425e+00
  -2.1000000e+02  -5.0000000e+00   2.9803685e+00
  -2.1000000e+02  -1.1000000e+01   2.9969245e+00
  -2.1000000e+02  -1.8000000e+01   3.0098108e+00
  -2.1000000e+02  -2.6000000e+01   3.0229765e+00
  -2.1000000e+02  -3.6000000e+01   3.0332441e+00
  -2.1000000e+02  -4.8000000e+01   3.0363111e+00
  -2.1000000e+02  -6.2000000e+01   3.0326244e+00
  -2.1000000e+02  -7.9000000e+01   3.0208132e+00
  -2.1000000e+02  -9.9000000e+01   3.0067396e+00
  -2.1000000e+02  -1.2300000e+02   2.9958820e+00
  -2.1000000e+02  -1.5200000e+02   2.9911269e+00
  -1.9000000e+02   0.0000000e+00   2.9557278e+00
  -1.9000000e+02  -5.0000000e+00   2.9732058e+00
  -1.9000000e+02  -1.1000000e+01   2.9974966e+00
  -1.9000000e+02  -1.8000000e+01   3.0199931e+00
  -1.9000000e+02  -2.6000000e+01   3.0397866e+00
  -1.9000000e+02  -3.6000000e+01   3.0496783e+00
  -1.9000000e+02  -4.8000000e+01   3.0466279e+00
  -1.9000000e+02  -6.2000000e+01   3.0351722e+00
  -1.9000000e+02  -7.9000000e+01   3.0167947e+00
  -1.9000000e+02  -9.9000000e+01   2.9993057e+00
  -1.9000000e+02  -1.2300000e+02   2.9884834e+00
  -1.9000000e+02  -1.5200000e+02   2.9855263e+00
  -1.7000000e+02   0.0000000e+00   2.9520417e+00
  -1.7000000e+02  -5.0000000e+00   2.9933886e+00
  -1.7000000e+02  -1.1000000e+01   3.0261695e+00
  -1.7000000e+02  -1.8000000e+01   3.0470393e+00
  -1.7000000e+02  -2.6000000e+01   3.0601556e+00
  -1.7000000e+02  -3.6000000e+01   3.0581010e+00
  -1.7000000e+02  -4.8000000e+01   3.0437738e+00
  -1.7000000e+02  -6.2000000e+01   3.0249940e+00
  -1.7000000e+02  -7.9000000e+01   3.0039572e+00
  -1.7000000e+02  -9.9000000e+01   2.9867547e+00
  -1.7000000e+02  -1.2300000e+02   2.9785627e+00
  -1.7000000e+02  -1.5200000e+02   2.9790362e+00
  -1.5000000e+02   0.0000000e+00   2.9766034e+00
  -1.5000000e+02  -5.0000000e+00   3.0120616e+00
  -1.5000000e+02  -1.1000000e+01   3.0421629e+00
  -1.5000000e+02  -1.8000000e+01   3.0536059e+00
  -1.5000000e+02  -2.6000000e+01   3.0505331e+00
  -1.5000000e+02  -3.6000000e+01   3.0343949e+00
  -1.5000000e+02  -4.8000000e+01   3.0168307e+00
  -1.5000000e+02  -6.2000000e+01   3.0011323e+00
  -1.5000000e+02  -7.9000000e+01   2.9849808e+00
  -1.5000000e+02  -9.9000000e+01   2.9711696e+00
  -1.5000000e+02  -1.2300000e+02   2.9670049e+00
  -1.5000000e+02  -1.5200000e+02   2.9720848e+00
  -1.3000000e+02   0.0000000e+00   3.0287222e+00
  -1.3000000e+02  -5.0000000e+00   3.1082384e+00
  -1.3000000e+02  -1.1000000e+01   3.0724614e+00
  -1.3000000e+02  -1.8000000e+01   3.0141551e+00
  -1.3000000e+02  -2.6000000e+01   2.9823169e+00
  -1.3000000e+02  -3.6000000e+01   2.9811764e+00
  -1.3000000e+02  -4.8000000e+01   2.9880903e+00
  -1.3000000e+02  -6.2000000e+01   2.9847477e+00
  -1.3000000e+02  -7.9000000e+01   2.9710536e+00
  -1.3000000e+02  -9.9000000e+01   2.9563670e+00
  -1.3000000e+02  -1.2300000e+02   2.9548232e+00
  -1.3000000e+02  -1.5200000e+02   2.9651813e+00
  -1.1000000e+02   0.0000000e+00   3.2098963e+00
  -1.1000000e+02  -5.0000000e+00   3.0223223e+00
  -1.1000000e+02  -1.1000000e+01   2.9445498e+00
  -1.1000000e+02  -1.8000000e+01   2.9769101e+00
  -1.1000000e+02  -2.6000000e+01   3.0169987e+00
  -1.1000000e+02  -3.6000000e+01   3.0363694e+00
  -1.1000000e+02  -4.8000000e+01   3.0292308e+00
  -1.1000000e+02  -6.2000000e+01   3.0033748e+00
  -1.1000000e+02  -7.9000000e+01   2.9684243e+00
  -1.1000000e+02  -9.9000000e+01   2.9421919e+00
  -1.1000000e+02  -1.2300000e+02   2.9419170e+00
  -1.1000000e+02  -1.5200000e+02   2.9587553e+00
  -9.0000000e+01   0.0000000e+00   3.1529389e+00
  -9.0000000e+01  -5.0000000e+00   3.2162186e+00
  -9.0000000e+01  -1.1000000e+01   3.2510620e+00
  -9.0000000e+01  -1.8000000e+01   3.2429070e+00
  -9.0000000e+01  -2.6000000e+01   3.2188394e+00
  -9.0000000e+01  -3.6000000e+01   3.1643944e+00
  -9.0000000e+01  -4.8000000e+01   3.0938962e+00
  -9.0000000e+01  -6.2000000e+01   3.0224596e+00
  -9.0000000e+01  -7.9000000e+01   2.9568623e+00
  -9.0000000e+01  -9.9000000e+01   2.9201290e+00
  -9.0000000e+01  -1.2300000e+02   2.9272382e+00
  -9.0000000e+01  -1.5200000e+02   2.9532438e+00
  -7.0000000e+01   0.0000000e+00   3.3436337e+00
  -7.0000000e+01  -5.0000000e+00   3.3477142e+00
  -7.0000000e+01  -1.1000000e+01   3.3230284e+00
  -7.0000000e+01  -1.8000000e+01   3.2787165e+00
  -7.0000000e+01  -2.6000000e+01   3.2274732e+00
  -7.0000000e+01  -3.6000000e+01   3.1432104e+00
  -7.0000000e+01  -4.8000000e+01   3.0510515e+00
  -7.0000000e+01  -6.2000000e+01   2.9653425e+00
  -7.0000000e+01  -7.9000000e+01   2.8979766e+00
  -7.0000000e+01  -9.9000000e+01   2.8805900e+00
  -7.0000000e+01  -1.2300000e+02   2.9115601e+00
  -7.0000000e+01  -1.5200000e+02   2.9492250e+00
  -5.0000000e+01   0.0000000e+00   3.3484981e+00
  -5.0000000e+01  -5.0000000e+00   3.2628362e+00
  -5.0000000e+01  -1.1000000e+01   3.1901695e+00
  -5.0000000e+01  -1.8000000e+01   3.1132958e+00
  -5.0000000e+01  -2.6000000e+01   2.9851899e+00
  -5.0000000e+01  -3.6000000e+01   1.0689661e+00
  -5.0000000e+01  -4.8000000e+01   2.6037362e+00
  -5.0000000e+01  -6.2000000e+01   2.6659262e+00
  -5.0000000e+01  -7.9000000e+01   2.7597686e+00
  -5.0000000e+01  -9.9000000e+01   2.8331327e+00
  -5.0000000e+01  -1.2300000e+02   2.8994270e+00
  -5.0000000e+01  -1.5200000e+02   2.9471348e+00
  -3.0000000e+01   0.0000000e+00   3.1728281e+00
  -3.0000000e+01  -5.0000000e+00   3.2169032e+00
  -3.0000000e+01  -1.1000000e+01   3.2215826e+00
  -3.0000000e+01  -1.8000000e+01   3.1938372e+00
  -3.0000000e+01  -2.6000000e+01   3.1315217e+00
  -3.0000000e+01  -3.6000000e+01   2.9536665e+00
  -3.0000000e+01  -4.8000000e+01   8.9613040e-01
  -3.0000000e+01  -6.2000000e+01   1.9308192e+00
  -3.0000000e+01  -7.9000000e+01   2.6931042e+00
  -3.0000000e+01  -9.9000000e+01   2.8146261e+00
  -3.0000000e+01  -1.2300000e+02   2.8950353e+00
  -3.0000000e+01  -1.5200000e+02   2.9468507e+00
  -1.0000000e+01   0.0000000e+00   3.1508274e+00
  -1.0000000e+01  -5.0000000e+00   3.2642448e+00
  -1.0000000e+01  -1.1000000e+01   3.2838878e+00
  -1.0000000e+01  -1.8000000e+01   3.2582490e+00
  -1.0000000e+01  -2.6000000e+01   3.2112845e+00
  -1.0000000e+01  -3.6000000e+01   3.1132406e+00
  -1.0000000e+01  -4.8000000e+01   2.9733062e+00
  -1.0000000e+01  -6.2000000e+01   2.8422513e+00
  -1.0000000e+01  -7.9000000e+01   2.7929833e+00
  -1.0000000e+01  -9.9000000e+01   2.8310819e+00
  -1.0000000e+01  -1.2300000e+02   2.8978374e+00
  -1.0000000e+01  -1.5200000e+02   2.9479480e+00
   1.0000000e+01   0.0000000e+00   3.3239308e+00
   1.0000000e+01  -5.0000000e+00   3.1421043e+00
   1.0000000e+01  -1.1000000e+01   3.0856546e+00
   1.0000000e+01  -1.8000000e+01   3.0675036e+00
   1.0000000e+01  -2.6000000e+01   3.0513439e+00
   1.0000000e+01  -3.6000000e+01   3.0119940e+00
   1.0000000e+01  -4.8000000e+01   2.9520125e+00
   1.0000000e+01  -6.2000000e+01   2.8839548e+00
   1.0000000e+01  -7.9000000e+01   2.8442363e+00
   1.0000000e+01  -9.9000000e+01   2.8560063e+00
   1.0000000e+01  -1.2300000e+02   2.9056083e+00
   1.0000000e+01  -1.5200000e+02   2.9503587e+00
   3.0000000e+01   0.0000000e+00   3.2159378e+00
   3.0000000e+01  -5.0000000e+00   3.1476171e+00
   3.0000000e+01  -1.1000000e+01   3.0499492e+00
   3.0000000e+01  -1.8000000e+01   2.9753309e+00
   3.0000000e+01  -2.6000000e+01   2.9348292e+00
   3.0000000e+01  -3.6000000e+01   2.9198390e+00
   3.0000000e+01  -4.8000000e+01   2.9094276e+00
   3.0000000e+01  -6.2000000e+01   2.8878037e+00
   3.0000000e+01  -7.9000000e+01   2.8737837e+00
   3.0000000e+01  -9.9000000e+01   2.8819191e+00
   3.0000000e+01  -1.2300000e+02   2.9174663e+00
   3.0000000e+01  -1.5200000e+02   2.9544331e+00
   5.0000000e+01   0.0000000e+00   3.0051283e+00
   5.0000000e+01  -5.0000000e+00   3.1428351e+00
   5.0000000e+01  -1.1000000e+01   3.1422821e+00
   5.0000000e+01  -1.8000000e+01   3.1095371e+00
   5.0000000e+01  -2.6000000e+01   3.0701971e+00
   5.0000000e+01  -3.6000000e+01   3.0212713e+00
   5.0000000e+01  -4.8000000e+01   2.9766095e+00
   5.0000000e+01  -6.2000000e+01   2.9389697e+00
   5.0000000e+01  -7.9000000e+01   2.9156180e+00
   5.0000000e+01  -9.9000000e+01   2.9122895e+00
   5.0000000e+01  -1.2300000e+02   2.9330459e+00
   5.0000000e+01  -1.5200000e+02   2.9604158e+00
   7.0000000e+01   0.0000000e+00   2.9624281e+00
   7.0000000e+01  -5.0000000e+00   3.0709977e+00
   7.0000000e+01  -1.1000000e+01   3.1224458e+00
   7.0000000e+01  -1.8000000e+01   3.1303948e+00
   7.0000000e+01  -2.6000000e+01   3.1196583e+00
   7.0000000e+01  -3.6000000e+01   3.0837854e+00
   7.0000000e+01  -4.8000000e+01   3.0374783e+00
   7.0000000e+01  -6.2000000e+01   2.9937591e+00
   7.0000000e+01  -7.9000000e+01   2.9599565e+00
   7.0000000e+01  -9.9000000e+01   2.9442410e+00
   7.0000000e+01  -1.2300000e+02   2.9507430e+00
   7.0000000e+01  -1.5200000e+02   2.9679902e+00
   9.0000000e+01   0.0000000e+00   3.0409710e+00
   9.0000000e+01  -5.0000000e+00   2.9452207e+00
   9.0000000e+01  -1.1000000e+01   2.9441536e+00
   9.0000000e+01  -1.8000000e+01   2.9889879e+00
   9.0000000e+01  -2.6000000e+01   3.0287198e+00
   9.0000000e+01  -3.6000000e+01   3.0466833e+00
   9.0000000e+01  -4.8000000e+01   3.0400153e+00
   9.0000000e+01  -6.2000000e+01   3.0187209e+00
   9.0000000e+01  -7.9000000e+01   2.9915037e+00
   9.0000000e+01  -9.9000000e+01   2.9716375e+00
   9.0000000e+01  -1.2300000e+02   2.9679283e+00
   9.0000000e+01  -1.5200000e+02   2.9762713e+00
   1.1000000e+02   0.0000000e+00   2.9521694e+00
   1.1000000e+02  -5.0000000e+00   3.0217838e+00
   1.1000000e+02  -1.1000000e+01   3.0241246e+00
   1.1000000e+02  -1.8000000e+01   3.0209471e+00
   1.1000000e+02  -2.6000000e+01   3.0294859e+00
   1.1000000e+02  -3.6000000e+01   3.0403778e+00
   1.1000000e+02  -4.8000000e+01   3.0416698e+00
   1.1000000e+02  -6.2000000e+01   3.0315386e+00
   1.1000000e+02  -7.9000000e+01   3.0112821e+00
   1.1000000e+02  -9.9000000e+01   2.9917831e+00
   1.1000000e+02  -1.2300000e+02   2.9824009e+00
   1.1000000e+02  -1.5200000e+02   2.9841839e+00
   1.3000000e+02   0.0000000e+00   2.9265484e+00
   1.3000000e+02  -5.0000000e+00   2.9923439e+00
   1.3000000e+02  -1.1000000e+01   3.0323533e+00
   1.3000000e+02  -1.8000000e+01   3.0509756e+00
   1.3000000e+02  -2.6000000e+01   3.0602390e+00
   1.3000000e+02  -3.6000000e+01   3.0589837e+00
   1.3000000e+02  -4.8000000e+01   3.0510019e+00
   1.3000000e+02  -6.2000000e+01   3.0396490e+00
   1.3000000e+02  -7.9000000e+01   3.0221247e+00
   1.3000000e+02  -9.9000000e+01   3.0044810e+00
   1.3000000e+02  -1.2300000e+02   2.9930403e+00
   1.3000000e+02  -1.5200000e+02   2.9908618e+00
   1.5000000e+02   0.0000000e+00   2.9648964e+00
   1.5000000e+02  -5.0000000e+00   2.9771296e+00
   1.5000000e+02  -1.1000000e+01   2.9951624e+00
   1.5000000e+02  -1.8000000e+01   3.0129801e+00
   1.5000000e+02  -2.6000000e+01   3.0285081e+00
   1.5000000e+02  -3.6000000e+01   3.0376444e+00
   1.5000000e+02  -4.8000000e+01   3.0387871e+00
   1.5000000e+02  -6.2000000e+01   3.0346375e+00
   1.5000000e+02  -7.9000000e+01   3.0235679e+00
   1.5000000e+02  -9.9000000e+01   3.0103278e+00
   1.5000000e+02  -1.2300000e+02   2.9997278e+00
   1.5000000e+02  -1.5200000e+02   2.9958596e+00
   1.7000000e+02   0.0000000e+00   3.0029052e+00
   1.7000000e+02  -5.0000000e+00   2.9914005e+00
   1.7000000e+02  -1.1000000e+01   2.9799366e+00
   1.7000000e+02  -1.8000000e+01   2.9801441e+00
   1.7000000e+02  -2.6000000e+01   2.9892258e+00
   1.7000000e+02  -3.6000000e+01   3.0041619e+00
   1.7000000e+02  -4.8000000e+01   3.0159655e+00
   1.7000000e+02  -6.2000000e+01   3.0214689e+00
   1.7000000e+02  -7.9000000e+01   3.0187628e+00
   1.7000000e+02  -9.9000000e+01   3.0112568e+00
   1.7000000e+02  -1.2300000e+02   3.0031686e+00
   1.7000000e+02  -1.5200000e+02   2.9991729e+00
   1.9000000e+02   0.0000000e+00   2.9946428e+00
   1.9000000e+02  -5.0000000e+00   2.9988621e+00
   1.9000000e+02  -1.1000000e+01   2.9949268e+00
   1.9000000e+02  -1.8000000e+01   2.9915826e+00
   1.9000000e+02  -2.6000000e+01   2.9918257e+00
   1.9000000e+02  -3.6000000e+01   2.9977288e+00
   1.9000000e+02  -4.8000000e+01   3.0058468e+00
   1.9000000e+02  -6.2000000e+01   3.0122686e+00
   1.9000000e+02  -7.9000000e+01   3.0134482e+00
   1.9000000e+02  -9.9000000e+01   3.0100087e+00
   1.9000000e+02  -1.2300000e+02   3.0045028e+00
   1.9000000e+02  -1.5200000e+02   3.0011097e+00
   2.1000000e+02   0.0000000e+00   2.9852231e+00
   2.1000000e+02  -5.0000000e+00   2.9942613e+00
   2.1000000e+02  -1.1000000e+01   3.0012612e+00
   2.1000000e+02  -1.8000000e+01   3.0031397e+00
   2.1000000e+02  -2.6000000e+01   3.0032383e+00
   2.1000000e+02  -3.6000000e+01   3.0037991e+00
   2.1000000e+02  -4.8000000e+01   3.0059771e+00
   2.1000000e+02  -6.2000000e+01   3.0090695e+00
   2.1000000e+02  -7.9000000e+01   3.0101536e+00
   2.1000000e+02  -9.9000000e+01   3.0084483e+00
   2.1000000e+02  -1.2300000e+02   3.0047624e+00
   2.1000000e+02  -1.5200000e+02   3.0021013e+00
   2.3000000e+02   0.0000000e+00   2.9952731e+00
   2.3000000e+02  -5.0000000e+00   2.9923608e+00
   2.3000000e+02  -1.1000000e+01   2.9947242e+00
   2.3000000e+02  -1.8000000e+01   2.9975713e+00
   2.3000000e+02  -2.6000000e+01   3.0002057e+00
   2.3000000e+02  -3.6000000e+01   3.0028132e+00
   2.3000000e+02  -4.8000000e+01   3.0051118e+00
   2.3000000e+02  -6.2000000e+01   3.0072954e+00
   2.3000000e+02  -7.9000000e+01   3.0080697e+00
   2.3000000e+02  -9.9000000e+01   3.0071008e+00
   2.3000000e+02  -1.2300000e+02   3.0045895e+00
   2.3000000e+02  -1.5200000e+02   3.0025581e+00
   2.5000000e+02   0.0000000e+00   2.9908117e+00
   2.5000000e+02  -5.0000000e+00   2.9919369e+00
   2.5000000e+02  -1.1000000e+01   2.9939761e+00
   2.5000000e+02  -1.8000000e+01   2.9957079e+00
   2.5000000e+02  -2.6000000e+01   2.9977620e+00
   2.5000000e+02  -3.6000000e+01   3.0006164e+00
   2.5000000e+02  -4.8000000e+01   3.0032530e+00
   2.5000000e+02  -6.2000000e+01   3.0054038e+00
   2.5000000e+02  -7.9000000e+01   3.0063098e+00
   2.5000000e+02  -9.9000000e+01   3.0059369e+00
   2.5000000e+02  -1.2300000e+02   3.0043201e+00
   2.5000000e+02  -1.5200000e+02   3.0028173e+00
   2.7000000e+02   0.0000000e+00   2.9986776e+00
   2.7000000e+02  -5.0000000e+00   2.9974377e+00
   2.7000000e+02  -1.1000000e+01   2.9983634e+00
   2.7000000e+02  -1.8000000e+01   2.9993839e+00
   2.7000000e+02  -2.6000000e+01   3.0002547e+00
   2.7000000e+02  -3.6000000e+01   3.0012117e+00
   2.7000000e+02  -4.8000000e+01   3.0023217e+00
   2.7000000e+02  -6.2000000e+01   3.0037111e+00
   2.7000000e+02  -7.9000000e+01   3.0046947e+00
   2.7000000e+02  -9.9000000e+01   3.0049554e+00
   2.7000000e+02  -1.2300000e+02   3.0041735e+00
   2.7000000e+02  -1.5200000e+02   3.0031580e+00
   2.9000000e+02   0.0000000e+00   2.9912152e+00
   2.9000000e+02  -5.0000000e+00   2.9979475e+00
   2.9000000e+02  -1.1000000e+01   3.0023891e+00
   2.9000000e+02  -1.8000000e+01   3.0026889e+00
   2.9000000e+02  -2.6000000e+01   3.0015809e+00
   2.9000000e+02  -3.6000000e+01   3.0006110e+00
   2.9000000e+02  -4.8000000e+01   3.0007079e+00
   2.9000000e+02  -6.2000000e+01   3.0018156e+00
   2.9000000e+02  -7.9000000e+01   3.0032076e+00
   2.9000000e+02  -9.9000000e+01   3.0042795e+00
   2.9000000e+02  -1.2300000e+02   3.0043649e+00
   2.9000000e+02  -1.5200000e+02   3.0038309e+00
   3.1000000e+02   0.0000000e+00   3.0210891e+00
   3.1000000e+02  -5.0000000e+00   3.0091714e+00
   3.1000000e+02  -1.1000000e+01   3.0006599e+00
   3.1000000e+02  -1.8000000e+01   2.9972749e+00
   3.1000000e+02  -2.6000000e+01   2.9964226e+00
   3.1000000e+02  -3.6000000e+01   2.9970261e+00
   3.1000000e+02  -4.8000000e+01   2.9982768e+00
   3.1000000e+02  -6.2000000e+01   2.9999749e+00
   3.1000000e+02  -7.9000000e+01   3.0021021e+00
   3.1000000e+02  -9.9000000e+01   3.0041501e+00
   3.1000000e+02  -1.2300000e+02   3.0051400e+00
   3.1000000e+02  -1.5200000e+02   3.0050773e+00
   3.3000000e+02   0.0000000e+00   2.9919238e+00
   3.3000000e+02  -5.0000000e+00   2.9990425e+00
   3.3000000e+02  -1.1000000e+01   3.0020200e+00
   3.3000000e+02  -1.8000000e+01   3.0015280e+00
   3.3000000e+02  -2.6000000e+01   2.9999766e+00
   3.3000000e+02  -3.6000000e+01   2.9984932e+00
   3.3000000e+02  -4.8000000e+01   2.9980485e+00
   3.3000000e+02  -6.2000000e+01   2.9990976e+00
   3.3000000e+02  -7.9000000e+01   3.0016978e+00
   3.3000000e+02  -9.9000000e+01   3.0048398e+00
   3.3000000e+02  -1.2300000e+02   3.0067683e+00
   3.3000000e+02  -1.5200000e+02   3.0071293e+00
   3.5000000e+02   0.0000000e+00   2.9928843e+00
   3.5000000e+02  -5.0000000e+00   2.9967783e+00
   3.5000000e+02  -1.1000000e+01   3.0006118e+00
   3.5000000e+02  -1.8000000e+01   3.0019160e+00
   3.5000000e+02  -2.6000000e+01   3.0006917e+00
   3.5000000e+02  -3.6000000e+01   2.9982233e+00
   3.5000000e+02  -4.8000000e+01   2.9968645e+00
   3.5000000e+02  -6.2000000e+01   2.9980085e+00
   3.5000000e+02  -7.9000000e+01   3.0018527e+00
   3.5000000e+02  -9.9000000e+01   3.0066005e+00
   3.5000000e+02  -1.2300000e+02   3.0095348e+00
   3.5000000e+02  -1.5200000e+02   3.0101940e+00
   3.7000000e+02   0.0000000e+00   3.0097661e+00
   3.7000000e+02  -5.0000000e+00   3.0059513e+00
   3.7000000e+02  -1.1000000e+01   3.0013614e+00
   3.7000000e+02  -1.8000000e+01   2.9977347e+00
   3.7000000e+02  -2.6000000e+01   2.9943919e+00
   3.7000000e+02  -3.6000000e+01   2.9921361e+00
   3.7000000e+02  -4.8000000e+01   2.9924604e+00
   3.7000000e+02  -6.2000000e+01   2.9960454e+00
   3.7000000e+02  -7.9000000e+01   3.0027874e+00
   3.7000000e+02  -9.9000000e+01   3.0098543e+00
   3.7000000e+02  -1.2300000e+02   3.0137384e+00
   3.7000000e+02  -1.5200000e+02   3.0144172e+00
   3.9000000e+02   0.0000000e+00   3.0146887e+00
   3.9000000e+02  -5.0000000e+00   3.0123511e+00
   3.9000000e+02  -1.1000000e+01   3.0060259e+00
   3.9000000e+02  -1.8000000e+01   2.9984608e+00
   3.9000000e+02  -2.6000000e+01   2.9910230e+00
   3.9000000e+02  -3.6000000e+01   2.9867240e+00
   3.9000000e+02  -4.8000000e+01   2.9883541e+00
   3.9000000e+02  -6.2000000e+01   2.9953108e+00
   3.9000000e+02  -7.9000000e+01   3.0057595e+00
   3.9000000e+02  -9.9000000e+01   3.0152488e+00
   3.9000000e+02  -1.2300000e+02   3.0196164e+00
   3.9000000e+02  -1.5200000e+02   3.0198222e+00
   4.1000000e+02   0.0000000e+00   3.0162553e+00
   4.1000000e+02  -5.0000000e+00   3.0116433e+00
   4.1000000e+02  -1.1000000e+01   3.0027033e+00
   4.1000000e+02  -1.8000000e+01   2.9931228e+00
   4.1000000e+02  -2.6000000e+01   2.9844870e+00
   4.1000000e+02  -3.6000000e+01   2.9816162e+00
   4.1000000e+02  -4.8000000e+01   2.9869495e+00
   4.1000000e+02  -6.2000000e+01   2.9982696e+00
   4.1000000e+02  -7.9000000e+01   3.0121144e+00
   4.1000000e+02  -9.9000000e+01   3.0232053e+00
   4.1000000e+02  -1.2300000e+02   3.0271482e+00
   4.1000000e+02  -1.5200000e+02   3.0262353e+00
   4.3000000e+02   0.0000000e+00   3.0266057e+00
   4.3000000e+02  -5.0000000e+00   3.0135360e+00
   4.3000000e+02  -1.1000000e+01   2.9977177e+00
   4.3000000e+02  -1.8000000e+01   2.9865407e+00
   4.3000000e+02  -2.6000000e+01   2.9799418e+00
   4.3000000e+02  -3.6000000e+01   2.9815691e+00
   4.3000000e+02  -4.8000000e+01   2.9912882e+00
   4.3000000e+02  -6.2000000e+01   3.0061357e+00
   4.3000000e+02  -7.9000000e+01   3.0218542e+00
   4.3000000e+02  -9.9000000e+01   3.0332690e+00
   4.3000000e+02  -1.2300000e+02   3.0358547e+00
   4.3000000e+02  -1.5200000e+02   3.0332451e+00
   4.5000000e+02   0.0000000e+00   3.0183162e+00
   4.5000000e+02  -5.0000000e+00   3.0134384e+00
   4.5000000e+02  -1.1000000e+01   3.0036237e+00
   4.5000000e+02  -1.8000000e+01   2.9945650e+00
   4.5000000e+02  -2.6000000e+01   2.9879980e+00
   4.5000000e+02  -3.6000000e+01   2.9886485e+00
   4.5000000e+02  -4.8000000e+01   2.9986082e+00
   4.5000000e+02  -6.2000000e+01   3.0153301e+00
   4.5000000e+02  -7.9000000e+01   3.0323971e+00
   4.5000000e+02  -9.9000000e+01   3.0438486e+00
   4.5000000e+02  -1.2300000e+02   3.0447962e+00
   4.5000000e+02  -1.5200000e+02   3.0402371e+00
   4.7000000e+02   0.0000000e+00   3.0201129e+00
   4.7000000e+02  -5.0000000e+00   3.0159398e+00
   4.7000000e+02  -1.1000000e+01   2.9940367e+00
   4.7000000e+02  -1.8000000e+01   2.9729770e+00
   4.7000000e+02  -2.6000000e+01   2.9602248e+00
   4.7000000e+02  -3.6000000e+01   2.9666284e+00
   4.7000000e+02  -4.8000000e+01   2.9887071e+00
   4.7000000e+02  -6.2000000e+01   3.0160536e+00
   4.7000000e+02  -7.9000000e+01   3.0394204e+00
   4.7000000e+02  -9.9000000e+01   3.0528781e+00
   4.7000000e+02  -1.2300000e+02   3.0528720e+00
   4.7000000e+02  -1.5200000e+02   3.0465191e+00
